# C3S1 C3P2 C1S0 Ct1S0pp Ct1S0nn C3P0 C3P1 Ct1S0np cE CE1 Ct3S1 c3 c1 cD C1P1 c4 
9.573526174452140491e-01 -8.357765542933465186e-01 2.325507946635695156e+00 -1.527146116582870916e-01 -1.525493170185119596e-01 1.242283438716214050e+00 -9.488475740164910022e-01 -1.525633625989216979e-01 1.480373092279715586e+00 5.258419775090441561e-01 -1.813026285675126970e-01 -3.908367231929848806e+00 -1.209969982235626240e+00 -3.989156796904074209e-01 5.314150136897041188e-01 3.306331604240427158e+00
9.475502518277842956e-01 -9.512292829503435909e-01 2.140280173558732901e+00 -1.575826659665949536e-01 -1.576817862807155246e-01 1.552213234673590625e+00 -1.003982925846294894e+00 -1.570651524493744400e-01 1.367073229391359224e+00 7.188527170378127273e-01 -1.817492212700916598e-01 -3.918018076483885448e+00 -1.275414073391621050e+00 1.094315219339637713e-01 5.594840357078906257e-01 3.708151404126537543e+00
9.993814535848170033e-01 -9.544775282041534359e-01 3.028072944866277982e+00 -1.517281273902930105e-01 -1.512761958654753602e-01 1.391941842601951196e+00 -1.187741107370971605e+00 -1.513288829790071233e-01 -1.174707315465869151e+00 6.584560351181014681e-01 -1.781560910789189156e-01 -3.153432324546965315e+00 -1.011709007910211566e+00 2.026027008178040933e+00 5.387008218006467120e-01 3.350937322257167228e+00
9.244591177084884315e-01 -8.878925252277695135e-01 2.928968830350099140e+00 -1.563591223654102191e-01 -1.563752508986546719e-01 1.262749137717511294e+00 -9.184410309597900168e-01 -1.557447939268198078e-01 8.924246518306588882e-02 4.972261872160941842e-01 -1.809130927526893251e-01 -3.278410236319597271e+00 -1.226815597032238747e+00 3.772194733025716618e-01 4.689205482233129718e-01 4.019533245569949287e+00
8.108518917495867173e-01 -6.638119574857490601e-01 2.852008948156803836e+00 -1.590260729522960104e-01 -1.598117591995249498e-01 1.212586897495814275e+00 -1.052956627871868722e+00 -1.588326174930051182e-01 6.563952718972121403e-02 5.599398402665999308e-01 -1.801275939244516566e-01 -4.196246786646965710e+00 -9.354687785903378350e-01 -4.342244854083421313e-02 4.811931582067385249e-01 3.878303403902881197e+00
9.141951096385821929e-01 -8.531671379105367770e-01 2.910575768568286037e+00 -1.529709500636465269e-01 -1.534226516795094142e-01 1.279562127071287581e+00 -1.209607696236661090e+00 -1.536474653816032043e-01 2.466578852096097396e-01 6.187879059148859717e-01 -1.732982265631852481e-01 -3.955374593242453773e+00 -1.136546619173877781e+00 3.170957934735564310e-01 5.912859937249197451e-01 3.301971221131261292e+00
9.104303046960779966e-01 -9.405638725593915561e-01 2.826938567441432237e+00 -1.571842324977815453e-01 -1.569823252171068939e-01 1.337593688323569729e+00 -1.266979296885018869e+00 -1.576057176641913471e-01 -1.297750638840782456e+00 6.126433538984243921e-01 -1.764408025848547834e-01 -4.481835025591868416e+00 -1.345392774617808929e+00 -7.500654848736765246e-02 6.116715991723943313e-01 3.622119175498352384e+00
9.332708858321304701e-01 -6.609464086057398324e-01 2.944189271962933674e+00 -1.600417008792207052e-01 -1.603624335656449462e-01 1.540930967380373495e+00 -1.231487588882214990e+00 -1.595115222905635899e-01 3.141752892330742508e-01 7.178544037881667839e-01 -1.739581875636932728e-01 -3.897819644111771176e+00 -9.702987262205807761e-01 1.896115898032531888e+00 5.572632354473924243e-01 3.688420491921676092e+00
1.089641242659568299e+00 -6.993427039546294965e-01 2.469173535644970663e+00 -1.632056960427263614e-01 -1.633400498664676070e-01 1.234477439439950697e+00 -9.769289977785255985e-01 -1.625179470458793241e-01 8.825746428341965100e-01 6.840053212662486892e-01 -1.751466751296150703e-01 -4.263007068457502768e+00 -9.740782667451335364e-01 5.208697160766447842e-01 6.520990648752104102e-01 3.524703712351826113e+00
9.285683908750399507e-01 -9.196814873305457771e-01 2.254252579198747775e+00 -1.601752175859519900e-01 -1.601866031151584768e-01 1.210494581930139146e+00 -1.201465493077213287e+00 -1.601588452461225331e-01 3.768990288377747078e-01 7.102154668164428752e-01 -1.749007758765054599e-01 -4.017780153894888073e+00 -1.072321230374708279e+00 8.154959198509342810e-01 5.845200294288284137e-01 4.008321639448992890e+00
1.079791244982549969e+00 -8.398844874332335175e-01 2.599328306284055756e+00 -1.537181132178820908e-01 -1.538914928863170661e-01 1.349565674990956810e+00 -1.290198455044839321e+00 -1.534461281079417538e-01 1.143289335495971670e+00 6.312357400136423546e-01 -1.758853466827889067e-01 -3.366690846985550323e+00 -9.208308291822022706e-01 -5.658744847638599307e-01 6.571333409785073965e-01 3.341040433953197386e+00
8.196964427223417671e-01 -9.301359290240988065e-01 2.979803710005620943e+00 -1.554637750805258067e-01 -1.556653207546784823e-01 1.385694855084052435e+00 -1.177041095292931994e+00 -1.552925009512059473e-01 -4.756752807561812624e-01 6.202969965628790661e-01 -1.738785491607806322e-01 -4.333008170225966182e+00 -1.146391570852323571e+00 -5.325533280918741674e-01 6.397079998609875862e-01 4.498538021983291557e+00
8.043301713677074583e-01 -9.157682328028192709e-01 2.048728796671853480e+00 -1.652411295206096808e-01 -1.648645908963073392e-01 1.520234801768492794e+00 -9.519682389898385111e-01 -1.655769623585588435e-01 -9.394057978575084400e-01 4.835605366047285303e-01 -1.779862795225203576e-01 -3.347459280358949130e+00 -1.265179686649772428e+00 -1.903272174814973905e-01 5.782141256897008752e-01 4.484099092196736969e+00
8.337247496215443032e-01 -6.566625954890483730e-01 2.391395757549847900e+00 -1.542386258059744442e-01 -1.536888450584072974e-01 1.644064687075593723e+00 -1.298979405234961915e+00 -1.541793170998863594e-01 -1.329853150040406495e+00 5.841531620993659635e-01 -1.804684348481663259e-01 -3.486656131444061391e+00 -1.127383856490505876e+00 1.879792275494308829e+00 4.934807999262986744e-01 3.819062385943781557e+00
9.494703248443531196e-01 -7.975083291783311434e-01 2.037136467970960929e+00 -1.595920486827701046e-01 -1.592979213570133168e-01 1.536210433588293789e+00 -9.654431416133983923e-01 -1.592896807970283213e-01 -1.126352731592721979e+00 6.477823530345486747e-01 -1.737805016643235168e-01 -3.480722122217533521e+00 -1.045404801420164453e+00 2.927681251254987682e-02 4.982109470651134853e-01 3.569167906863146111e+00
8.852149472738219949e-01 -7.556887558634229896e-01 2.880154430948583588e+00 -1.645697320288824761e-01 -1.641476556855125390e-01 1.592623251532006456e+00 -1.061584359372955477e+00 -1.643605511093159388e-01 -2.160227841927819803e-01 6.969689249360099259e-01 -1.804154216980875525e-01 -3.532939860456025816e+00 -1.258992416577613183e+00 2.209512643074643901e+00 4.489020024207190374e-01 3.101940242773207679e+00
9.323053409217485488e-01 -8.115617351771069465e-01 2.156199377549610663e+00 -1.639136762811002346e-01 -1.632346308555085168e-01 1.612945919274674678e+00 -1.360269501292887151e+00 -1.628588729609535546e-01 -1.441841076588723514e-01 5.048651199733980022e-01 -1.807484485175148148e-01 -3.397549348482934661e+00 -1.325999183134477288e+00 -1.294437531337475633e-01 5.953510322720817483e-01 3.756583971803574062e+00
1.059493256245652049e+00 -8.686389283056898947e-01 2.989463914794498134e+00 -1.584209878785569903e-01 -1.577909737628560016e-01 1.160267634336358933e+00 -1.312966722144291554e+00 -1.582838246272432192e-01 -2.993052325153999771e-01 5.792820749959135540e-01 -1.743806446424006340e-01 -3.778199381833037052e+00 -1.161029555639851996e+00 2.293172424572937018e+00 6.345901936511002539e-01 4.093980119233959769e+00
1.132444762859641685e+00 -8.961915206265197442e-01 3.034207161177522316e+00 -1.515361247171652659e-01 -1.515744735360434470e-01 1.529391480406812720e+00 -1.240077488552913332e+00 -1.513569868923078932e-01 -7.629638232995880065e-01 6.346077038341919607e-01 -1.754814306281982927e-01 -3.591944260155893964e+00 -1.044110161562563421e+00 2.878769375307802525e-01 6.012662249925808666e-01 3.562290782888926088e+00
1.197490639510661481e+00 -9.228105431788162782e-01 2.241222085653521656e+00 -1.553913387515628852e-01 -1.557975809617364593e-01 1.329567613677387294e+00 -9.775697022035545469e-01 -1.559767180371251782e-01 -2.612563646248406979e-01 6.498412774666004754e-01 -1.785886183288298013e-01 -3.529896025714037489e+00 -1.071152631444656667e+00 1.917101493871596229e+00 5.295768621972904988e-01 3.661640564894526051e+00
1.088275448989122207e+00 -8.588898607173682809e-01 2.203664560128784977e+00 -1.552375824867178178e-01 -1.559449477193831646e-01 1.268978930775679803e+00 -1.192084923145810826e+00 -1.550167085282225521e-01 4.858663037573807131e-01 6.079567638886733683e-01 -1.740235112241270976e-01 -3.383447330402688635e+00 -1.292767397469996471e+00 1.565246153668726770e+00 6.322817474163830997e-01 3.912427422181423253e+00
1.055088220618378481e+00 -7.911926108738414065e-01 2.658589655184934841e+00 -1.573008594181099506e-01 -1.572477601460422758e-01 1.191405562921656225e+00 -1.264306418059289561e+00 -1.566447628558862160e-01 -4.501172297677611400e-01 6.757402899964851661e-01 -1.783227270266068143e-01 -4.251857969091080491e+00 -1.315715625145731815e+00 1.699295198470994972e+00 4.619138707211285499e-01 4.110670368750693804e+00
1.042634941908799018e+00 -9.274002338150592051e-01 2.214637470730103974e+00 -1.568815331177654537e-01 -1.564672673090541921e-01 1.257751294673042919e+00 -1.039858005780226247e+00 -1.563509749726468834e-01 -8.777135615582531969e-01 7.096297472060915101e-01 -1.814075881915808985e-01 -4.649723619776734651e+00 -9.454105958323459902e-01 1.167817981173973507e+00 4.643547271471837878e-01 3.571423498853684819e+00
1.175869110385458161e+00 -8.508738118106962123e-01 2.963196002434433041e+00 -1.596010389709989763e-01 -1.590530265550289535e-01 1.403781627421734957e+00 -1.163425188790319087e+00 -1.588422066633365937e-01 -9.861102197461023566e-01 4.939584266925298728e-01 -1.811620614942264507e-01 -3.765690162435220145e+00 -1.023315618698746654e+00 3.324851745577718232e-01 5.191977123819655482e-01 4.032685051174823343e+00
1.008514798494107856e+00 -9.039974644195857278e-01 2.562861892678584219e+00 -1.548901816113436303e-01 -1.556372244508519020e-01 1.416169552886573202e+00 -1.001717327139051150e+00 -1.556849294097798209e-01 6.622790982843129726e-01 5.804969439796680009e-01 -1.797095384383789740e-01 -4.352351303737200361e+00 -1.088533365980202561e+00 2.634602674053158067e-01 5.242708775074748084e-01 4.369292008105874814e+00
1.138217813356819486e+00 -7.097618326652840315e-01 2.844709124157734692e+00 -1.582089728406808615e-01 -1.582932668807371102e-01 1.452447591372819424e+00 -1.285138580356462779e+00 -1.577949875558198045e-01 -2.040514227435434869e-01 6.278190254709088425e-01 -1.806315050949959533e-01 -4.379565407820257050e+00 -9.110162979439366815e-01 -2.358295699775125875e-01 6.488911274951127961e-01 4.005480186479421612e+00
9.870830371677358217e-01 -8.061426838310998821e-01 2.434334113140671718e+00 -1.655655327658715481e-01 -1.654715339341280844e-01 1.490274279382055589e+00 -1.329878757787123389e+00 -1.658642788159339077e-01 -1.589647473930888344e+00 6.556245460506913147e-01 -1.747219651627530401e-01 -4.700122828018460375e+00 -1.113820284289214646e+00 1.039868708213387283e+00 5.106293060977229459e-01 3.221089509964540465e+00
1.191783711735044049e+00 -7.738319694528387194e-01 2.284813676679195993e+00 -1.537277794351495364e-01 -1.530976473500000601e-01 1.608702209301064556e+00 -1.042642762452044458e+00 -1.529799113797753740e-01 1.154799537519692887e+00 6.509101065868092562e-01 -1.760221283655279412e-01 -3.442946735731969188e+00 -1.301072097653858117e+00 -6.135501354661410112e-02 4.943567475218550444e-01 3.671786283319764088e+00
8.169547648576094279e-01 -8.218704668884386777e-01 2.722409236411375666e+00 -1.535095041260740867e-01 -1.540684419850592568e-01 1.434671057358100077e+00 -1.116388961268663049e+00 -1.543161003562118216e-01 -2.846788260212176347e-01 5.566278452627690942e-01 -1.812301849489450500e-01 -3.609978955434907544e+00 -1.030662415040754398e+00 -2.007655865202294665e-01 5.719472071207467589e-01 3.935640191014170952e+00
1.082591330792066042e+00 -7.174193543225322323e-01 2.231355353616319093e+00 -1.646725723741364888e-01 -1.651246062384168212e-01 1.668829180312021654e+00 -1.208302961014968036e+00 -1.642623451476127594e-01 8.401200369605121843e-01 5.988809766002144430e-01 -1.818954992295808148e-01 -3.354572987765797265e+00 -9.330352928968141946e-01 -2.492116453267970710e-01 5.533653350233259660e-01 3.333738026005263144e+00
9.844414972172155220e-01 -6.694212877695036035e-01 2.842001119716474289e+00 -1.521496482738406708e-01 -1.524621151488049775e-01 1.366297293158872161e+00 -1.354467536121550797e+00 -1.523044750144340043e-01 -7.154798560306672162e-01 6.105540660678365761e-01 -1.800235094903623045e-01 -3.994309534167118425e+00 -1.079222775249562449e+00 1.334240395151250702e+00 5.365332140401841698e-01 3.055083174540253577e+00
1.009078798762244711e+00 -6.864616081540888537e-01 2.277961399689243827e+00 -1.665301027360275854e-01 -1.662830540711448812e-01 1.214049545225544202e+00 -1.223057586632319893e+00 -1.658580804496676275e-01 8.545295680024556084e-01 6.646448098789785597e-01 -1.786299174543629908e-01 -3.862601715306665628e+00 -1.227740278486968872e+00 1.574859130350959369e+00 6.162346646541343453e-01 3.879435182200640320e+00
1.092544476268467069e+00 -8.094477636686052691e-01 2.261913227153978578e+00 -1.524907080235015089e-01 -1.517356313139892332e-01 1.311798008140667715e+00 -9.215482631909093225e-01 -1.515133845146786340e-01 1.330505642859495463e+00 6.256111207626779969e-01 -1.798636252141472269e-01 -3.961783523724109468e+00 -9.859080232285968304e-01 1.245822855087842740e+00 5.456236821615034760e-01 3.449874648576652270e+00
1.066004707436984944e+00 -6.896466491510968577e-01 2.062818725101484674e+00 -1.664726993707534575e-01 -1.666455627240243653e-01 1.517653795542267092e+00 -1.296755117305616878e+00 -1.663581961603423920e-01 -1.543351903057776697e+00 7.078092979606588342e-01 -1.799606502539802533e-01 -4.211587892732105765e+00 -9.004504374464208372e-01 1.934093201292752973e+00 5.087435587149435889e-01 3.439722374418922701e+00
1.174482214900004040e+00 -9.586728824399634030e-01 3.024032690268048107e+00 -1.621157766539086387e-01 -1.622782369689359516e-01 1.310445718427989181e+00 -9.905938780430114665e-01 -1.621600791470144964e-01 1.182260457248298202e+00 6.072868126539014977e-01 -1.809561198691514994e-01 -3.575773196713359248e+00 -9.607059343415791375e-01 2.255476745184734177e+00 4.610792437406850963e-01 4.322280296510998099e+00
1.163985018440768959e+00 -7.120312894948487292e-01 2.676319103111820308e+00 -1.620789260848546909e-01 -1.624755933635905203e-01 1.419820552539740932e+00 -9.821941422163833479e-01 -1.624188752581564865e-01 9.481007450013079207e-01 6.466933532663816653e-01 -1.761669232907533134e-01 -3.291857957046130601e+00 -1.304981994889626407e+00 6.557533616778837837e-01 5.644526547790540416e-01 4.472983883011252715e+00
1.106870007608624640e+00 -8.713980235539027230e-01 2.638144124397911128e+00 -1.574185006587018043e-01 -1.579636561805514428e-01 1.665002044720370389e+00 -9.566118255517113145e-01 -1.573171700716317067e-01 6.110205979528005038e-01 5.061103893664674613e-01 -1.811005311325052103e-01 -3.282584332771968594e+00 -1.309552351438116657e+00 1.112144359890690826e+00 6.245942183769200851e-01 4.296471200991079264e+00
1.146067914528216880e+00 -6.915217619451872189e-01 2.535477188087821077e+00 -1.551008305362372164e-01 -1.553478605649296629e-01 1.273811347989334930e+00 -1.227575578111472332e+00 -1.546356966020472901e-01 8.164551366628756135e-01 5.430134391021816942e-01 -1.815441694872708678e-01 -3.801545267393914074e+00 -1.340910106948806080e+00 9.634938040831281247e-01 5.005713467118559912e-01 4.070059527741157090e+00
8.137763796009642725e-01 -9.165660847550232138e-01 2.192587607876059330e+00 -1.579573937158061103e-01 -1.580472880249196299e-01 1.606902176701698437e+00 -1.066977884746664662e+00 -1.586200744088840653e-01 2.920511312871707510e-01 6.919958870735615220e-01 -1.816125134113479034e-01 -3.861693570003456255e+00 -1.121377169412096642e+00 -7.171210351333305866e-01 4.556581445863601143e-01 3.402939410875260418e+00
1.018976901049811312e+00 -9.218254738896609624e-01 2.100232096402768978e+00 -1.596658423190684406e-01 -1.601066353925736097e-01 1.648047458248833141e+00 -1.058408732393094187e+00 -1.598681768251853930e-01 -5.659757593245717811e-01 5.669607440548107835e-01 -1.746414158364908153e-01 -3.668768236608597633e+00 -9.571279604923625950e-01 1.521629319169688355e+00 6.103374447811568126e-01 4.346875989450783351e+00
8.739907283783006076e-01 -7.634863604161077344e-01 2.696751680697561326e+00 -1.660614255333828226e-01 -1.664503639249332034e-01 1.251088869248858648e+00 -1.328696050324901234e+00 -1.656904468986768464e-01 -1.198299088878273855e+00 4.935175757107040928e-01 -1.773170890762152951e-01 -4.223228968266644401e+00 -1.250934315049608836e+00 -1.691000289689326141e-01 5.204682413233702176e-01 3.676657969286100780e+00
1.005809513167651881e+00 -8.834773218380707061e-01 2.034930065461913795e+00 -1.519581212733152331e-01 -1.519957821559543842e-01 1.197829566257309519e+00 -1.134016790831338550e+00 -1.516218288463074548e-01 -8.562563495311342754e-01 5.275479292033237178e-01 -1.768852552242982379e-01 -3.301202207459334126e+00 -1.296322994695478625e+00 5.985137543556396933e-01 6.310251336426615509e-01 3.776604040537524298e+00
1.144643353248717688e+00 -6.430354106632208966e-01 2.305166934409423440e+00 -1.563138019307033222e-01 -1.558802915560427993e-01 1.564042281687709313e+00 -9.684342390093705344e-01 -1.566364659675392457e-01 9.130656581586986675e-01 5.076030667466971957e-01 -1.819484978947935594e-01 -4.438761372906687264e+00 -1.154379671915534145e+00 1.395520426190203445e+00 5.135896631044100102e-01 3.134361608200074034e+00
8.446532672840343370e-01 -7.891322615353982828e-01 2.742801762049379199e+00 -1.540990941012462256e-01 -1.547089148972685124e-01 1.617631574517966131e+00 -1.123840972820683515e+00 -1.551041575583809173e-01 3.439615586109325829e-01 5.043328954209412851e-01 -1.738303657490362364e-01 -3.544348156043255038e+00 -1.090688471397772030e+00 5.731292638349568813e-01 4.626223668445799131e-01 4.182190921187058485e+00
8.568724546836130607e-01 -9.109744153458433358e-01 2.587365294495655110e+00 -1.547805934310598763e-01 -1.550646028981991775e-01 1.469883564078014127e+00 -1.195369993396625530e+00 -1.544655330045993924e-01 5.691753570581474797e-01 5.772539700842695964e-01 -1.810297530590730397e-01 -4.110110838025976321e+00 -1.076123056217261009e+00 -4.167065571730644291e-01 5.615722421293267708e-01 3.805903855589243268e+00
1.178366018056268505e+00 -7.477551491800985550e-01 2.891289652737993876e+00 -1.604627292893737456e-01 -1.605376970461582786e-01 1.316806740909217455e+00 -1.128960332184187010e+00 -1.602062182650489941e-01 -4.811019639559277472e-02 5.290231547109855992e-01 -1.756231825679022973e-01 -3.380027458799648166e+00 -9.721331159739499128e-01 2.257737542777750184e-01 5.712101349578214693e-01 4.411145439781174460e+00
9.387922477020597123e-01 -6.740034234269236535e-01 2.895165152715125423e+00 -1.676134086899524755e-01 -1.668387727910242146e-01 1.568205628826775833e+00 -1.102897010971274128e+00 -1.668952140683170604e-01 1.471467556430330337e-01 4.917519243758172176e-01 -1.793933135480170193e-01 -4.655113926151003945e+00 -1.300121347439737285e+00 1.484087605069968951e+00 5.203271197183229058e-01 3.034408639995832324e+00
8.721992723971359052e-01 -8.702198222171675379e-01 2.838287653092747664e+00 -1.537959582732270070e-01 -1.531446089092394491e-01 1.186407677671396321e+00 -9.593959135047367415e-01 -1.533855587627110661e-01 8.766671565245758302e-01 5.869649628083796200e-01 -1.789644587020536026e-01 -3.452332523552957166e+00 -1.271145473767826273e+00 1.997493011781400485e-01 6.105241324134417225e-01 3.199006382133430471e+00
1.031531723447310922e+00 -6.553737355989536217e-01 2.092832844775164070e+00 -1.524876960041497698e-01 -1.530171129899532134e-01 1.376923634076424374e+00 -1.108024819613323775e+00 -1.526492909337328896e-01 -3.180994743179796913e-01 5.299887019911867503e-01 -1.775057510080365608e-01 -4.143135807987675001e+00 -1.085463985723285729e+00 1.137449116149702455e+00 6.198452553329707460e-01 3.409216227850131453e+00
9.221375038059204110e-01 -8.670194292347107590e-01 2.631514771438888900e+00 -1.557738982016354523e-01 -1.551050703478490111e-01 1.294543935238821053e+00 -9.562835000929182927e-01 -1.556659922274203633e-01 -3.880058261134973208e-01 6.333999213128891359e-01 -1.777450525230278577e-01 -4.029459983223111941e+00 -1.221897799409619179e+00 1.336895788213665615e-02 4.705701615000247306e-01 3.076314592007203697e+00
8.975295335477462277e-01 -8.074905126030355040e-01 2.582665177494481767e+00 -1.536742180152293469e-01 -1.535103339189545502e-01 1.238588088266353138e+00 -1.274725211307257799e+00 -1.533435524091063262e-01 6.060597080534049219e-01 6.536491437671626548e-01 -1.763549210779881138e-01 -4.687803543358415759e+00 -1.124708975103515529e+00 1.531926268274990122e-01 6.050045520428080081e-01 3.993395014369193863e+00
1.036806847997189251e+00 -8.409184980414026178e-01 2.766680355079422782e+00 -1.597314326204018753e-01 -1.593662069529365177e-01 1.300617946532434122e+00 -1.320202510262189932e+00 -1.600832133398639168e-01 -1.139976100472593457e+00 4.892643746042804054e-01 -1.769297011528364050e-01 -4.294042779260027309e+00 -9.777504686312332716e-01 2.307155454592849875e+00 5.649003787040687286e-01 4.074706656066478416e+00
1.057647349327826447e+00 -7.209357736650514603e-01 2.187413934265195259e+00 -1.671274838556351117e-01 -1.667234632314602838e-01 1.281443652710761993e+00 -1.176824411795325043e+00 -1.676794907263981227e-01 1.043468202118948973e+00 6.517876064178660389e-01 -1.763009861554777624e-01 -3.706598989150842627e+00 -9.845355698489299812e-01 9.390582445211369533e-01 4.760000472717555997e-01 4.231990209060029429e+00
1.034309339666130700e+00 -6.876136442648086433e-01 2.785188509928748779e+00 -1.549102007365896760e-01 -1.543418470838826273e-01 1.546024864625337170e+00 -1.088705305378608212e+00 -1.547688058438085046e-01 -1.695468131728641303e-01 6.024096014717550407e-01 -1.818013035761616714e-01 -3.937101705641761651e+00 -1.163651340747601903e+00 5.679917236816393045e-01 5.815686915365316789e-01 4.255756542235165085e+00
1.155836289360662850e+00 -7.438182653028198033e-01 2.520271439742939545e+00 -1.512559447189283091e-01 -1.518257940875336887e-01 1.200988309078898197e+00 -1.257221962933383397e+00 -1.512204685577945573e-01 -1.316237995359026414e-02 5.742975002590103850e-01 -1.745325086376346979e-01 -3.166972624949074167e+00 -9.424810392135638537e-01 7.684470024093276175e-01 6.137918469514961339e-01 4.331981269734885842e+00
9.411383575437397564e-01 -9.339172669174173880e-01 2.752615229287474818e+00 -1.524077716022363416e-01 -1.527234111154878449e-01 1.318879765742136279e+00 -1.345317248555346179e+00 -1.522314556535054042e-01 7.138146208267763804e-01 6.234485012723592900e-01 -1.777715847857846976e-01 -3.187831401747578397e+00 -1.173692318912892274e+00 2.351546364360125541e+00 5.139942320233585882e-01 3.145012909043964466e+00
8.928384095684094302e-01 -8.644535125294755540e-01 2.287021581175510132e+00 -1.563047799120831638e-01 -1.565727666790555639e-01 1.628215838988160247e+00 -1.048984192390336911e+00 -1.562703386475003675e-01 -1.004882763183230221e-01 5.835487893900171974e-01 -1.777072491423360434e-01 -4.187138902850993105e+00 -1.338688594172685820e+00 4.501160592435683450e-01 6.045870813202539606e-01 3.251606433625505055e+00
8.310428569645585961e-01 -7.970986571337077553e-01 2.602266315930375384e+00 -1.549375534455800507e-01 -1.548566381529986880e-01 1.486863781985397814e+00 -1.020157122188365184e+00 -1.552028989963174788e-01 -1.016401093114954080e+00 6.529401141349641113e-01 -1.796661878530485257e-01 -3.825512408334759140e+00 -1.101393835706737656e+00 4.678997350273726985e-01 5.459961011754765892e-01 3.202792942313698710e+00
8.904938249230242020e-01 -9.286953714410903782e-01 3.001658964869052149e+00 -1.602503757993957167e-01 -1.599483536784342408e-01 1.156191235398443595e+00 -1.204211403798227886e+00 -1.594002571323571149e-01 5.882092689971742949e-01 6.321022782443463939e-01 -1.752104729759080826e-01 -3.786848504142271032e+00 -1.081855095600762429e+00 8.419225380719913554e-01 5.395146821528687964e-01 4.117547290958841977e+00
1.153234893333121791e+00 -9.252863366918068211e-01 2.256763516481353982e+00 -1.531104045134751845e-01 -1.528301327687101308e-01 1.138020675562841477e+00 -1.335715492506971191e+00 -1.526513509135976610e-01 7.400750492390644197e-01 6.945258799220264123e-01 -1.817132272973815965e-01 -3.678996102244189714e+00 -1.054186478275332517e+00 -2.667058355055614838e-01 4.575946179653722079e-01 4.099596203334378686e+00
9.296549035726490162e-01 -7.421158318566190015e-01 2.616087539419172714e+00 -1.669807556805331661e-01 -1.666025315736674728e-01 1.161058196799636510e+00 -9.398405887947101078e-01 -1.665559007156366678e-01 -1.557600989216261445e+00 5.687082375039748117e-01 -1.793288001252697772e-01 -4.569628922747700273e+00 -9.982261697471557227e-01 -6.800931142103058269e-01 5.517189698487711125e-01 3.291034128523844693e+00
8.549428263662299798e-01 -7.392165857916498384e-01 2.150542010851783647e+00 -1.591059340612702711e-01 -1.589904578512728595e-01 1.676222695936109286e+00 -1.149506598484866249e+00 -1.598371316390099495e-01 -1.385802902921916990e+00 6.863614401313948843e-01 -1.803176556823863352e-01 -4.371338154103666440e+00 -1.057517049182628011e+00 6.895581883429003911e-01 5.359398394438388280e-01 3.367017608909745441e+00
1.039420545464325496e+00 -7.830309935493451334e-01 2.773084949298036062e+00 -1.605445905615750790e-01 -1.600243208190194888e-01 1.226839822802855862e+00 -1.026262470941677662e+00 -1.600806875341696245e-01 -6.935695611388255077e-01 6.625787316042559549e-01 -1.757063809187338621e-01 -3.183775552298841127e+00 -1.273284432247135056e+00 1.021345471671475824e+00 4.665585779232681585e-01 4.365821747597706803e+00
1.069368973479842611e+00 -8.466820042124627577e-01 2.318282637649125455e+00 -1.603953555840848255e-01 -1.610134272277959355e-01 1.134142013813854710e+00 -1.100074947313184781e+00 -1.610226409148633464e-01 5.442232002928228951e-01 5.896810300201853483e-01 -1.775607785384300252e-01 -3.628703557903281585e+00 -1.004553390217000519e+00 1.339766923524211784e+00 5.157320345901622582e-01 3.900283757778541638e+00
1.101910805042229935e+00 -7.314250218257810632e-01 2.710960528057658081e+00 -1.587655199208723167e-01 -1.588402488124955603e-01 1.586224194323147207e+00 -1.248238946997158871e+00 -1.590622078620019531e-01 7.568347739193015400e-02 4.974045482649964711e-01 -1.756725239982993014e-01 -4.392184578978225673e+00 -1.281765514909316783e+00 4.878642948022443582e-01 5.609710947193403685e-01 3.548029639807368074e+00
1.190214466540856719e+00 -6.506363035081648150e-01 2.467414934660923098e+00 -1.633452663665650728e-01 -1.629248147352561904e-01 1.177537501984461166e+00 -1.004530969864346535e+00 -1.638506961272138407e-01 -8.217904942771888654e-01 7.000624186850349373e-01 -1.748201282027010139e-01 -4.284832655907246490e+00 -1.320013754143425366e+00 6.340528367074308447e-01 4.885880999066085639e-01 3.494490431188759683e+00
9.750870410259672161e-01 -9.315674193078694598e-01 2.428296406254596196e+00 -1.663117501557479228e-01 -1.661158703237110845e-01 1.195865289888663918e+00 -1.131589953228041123e+00 -1.662485811645196820e-01 -1.247277400016661097e+00 6.292389624196075282e-01 -1.744410586287237219e-01 -3.226912855084671072e+00 -1.086671022195476288e+00 -6.069307156051337859e-01 6.327620236723112690e-01 3.044159283162596097e+00
1.025346056887374457e+00 -7.281606306641491555e-01 2.297516168400347336e+00 -1.521175565841099975e-01 -1.513728515046348921e-01 1.616407598047382876e+00 -9.961658838785967252e-01 -1.519215509298478539e-01 2.753224979378314785e-01 5.756654935017353480e-01 -1.757743248334272812e-01 -4.119988219892816161e+00 -1.172036958175195265e+00 1.830177207935172135e+00 4.752523009626823391e-01 3.359941031774023479e+00
9.945007379192619679e-01 -8.568367271792505235e-01 2.135284528341010013e+00 -1.616194458910400755e-01 -1.619621675222384649e-01 1.130696069584524954e+00 -9.127476060663246571e-01 -1.611725609176534735e-01 -2.398431085560355225e-01 6.002798698778538666e-01 -1.770148970540163236e-01 -3.422808703416392095e+00 -1.287298739753718557e+00 -4.905000517721054831e-01 5.796787975726822584e-01 3.088579367968871559e+00
1.074844804750785254e+00 -7.351651787795976389e-01 2.698402539055775318e+00 -1.615201991760685796e-01 -1.613624523678199862e-01 1.670512866588035994e+00 -1.324883034900903089e+00 -1.609793855129915130e-01 -3.644718101580002312e-01 6.672958155176580419e-01 -1.813603524459186933e-01 -3.702581564521095991e+00 -1.217105071319494414e+00 9.266381797247180696e-02 6.626705675489119596e-01 3.829036787278910392e+00
1.157646080139773437e+00 -7.089313670724533001e-01 2.043768069267529075e+00 -1.553968554605970886e-01 -1.549121489004249563e-01 1.230860473257504362e+00 -1.268422164642974970e+00 -1.549378274923390864e-01 5.557938322612545612e-01 5.522386751297867491e-01 -1.757336732500587306e-01 -3.682551587323565023e+00 -9.905638381154188155e-01 -1.376380915518601311e-01 5.876363567022662160e-01 4.255138265853811497e+00
8.478050556210947608e-01 -7.695556213472560803e-01 2.239337373298039502e+00 -1.579679077186713632e-01 -1.575869482531872812e-01 1.532002853440751933e+00 -1.216026634548915464e+00 -1.575642128726043034e-01 8.084809171992901611e-01 6.788645025230359842e-01 -1.755492199219780558e-01 -3.587157391520801042e+00 -1.056307854493130804e+00 1.817331926979888657e+00 4.863417287624333674e-01 4.207337824692150008e+00
8.787135200865828777e-01 -9.010783215959760062e-01 2.473390559245391529e+00 -1.616865963829211272e-01 -1.610778302562911324e-01 1.604211432019976291e+00 -1.205593748667617371e+00 -1.621551684777171320e-01 1.129691472139107145e+00 6.683143069566737093e-01 -1.780656771379547088e-01 -4.307792076958247840e+00 -1.207758078391357071e+00 -2.852616741557238988e-01 6.070518202857204670e-01 3.766855716468064053e+00
9.375366688692902128e-01 -7.286830086019904229e-01 2.346489166560700390e+00 -1.624195770837607578e-01 -1.625420359692217875e-01 1.361845052120976840e+00 -1.244486333592903504e+00 -1.618572354466960295e-01 -2.593415086996071484e-01 6.180480164475838922e-01 -1.736398965327775046e-01 -4.559378516683962879e+00 -1.017165464546231579e+00 -6.301262982462649820e-01 6.003076188457134865e-01 3.726160358895308722e+00
9.155948471281196710e-01 -8.867103174798970366e-01 2.422849277518043909e+00 -1.643473036751629812e-01 -1.642134616874584008e-01 1.641470736746502457e+00 -1.342045295690046380e+00 -1.647516745432479890e-01 4.215530862299332604e-01 6.044135420885485832e-01 -1.761034239920934996e-01 -3.623943401113806750e+00 -1.186810755018730568e+00 1.549344265185484737e+00 5.049392294697152561e-01 3.925447987509540493e+00
8.667707517312951415e-01 -8.808480005504050192e-01 2.395211617899905221e+00 -1.634044279530851851e-01 -1.636825172208121182e-01 1.624369136726317553e+00 -9.164153134449941618e-01 -1.633329091040656988e-01 1.744039909098560326e-01 5.346502445630749722e-01 -1.751212978354295124e-01 -4.157371824750162759e+00 -1.094872897964676461e+00 4.172650766815956258e-01 6.419658998016514184e-01 4.480883526377674286e+00
1.017388523968463687e+00 -9.388933636045385667e-01 2.757777861723018642e+00 -1.607681569387865717e-01 -1.602978815819124381e-01 1.335537827764766039e+00 -1.163211280788520874e+00 -1.612278816137978354e-01 -6.198390072159760678e-01 6.101667386513955904e-01 -1.808403141710714090e-01 -4.546641741338408593e+00 -1.140933019161834538e+00 1.276877100870239978e+00 5.230806897940224465e-01 3.892718251458310519e+00
1.043583585653215406e+00 -8.773338138252873009e-01 2.419780315322075381e+00 -1.644584660927957964e-01 -1.640106439258011417e-01 1.656859542312023370e+00 -1.242679739170902797e+00 -1.639038337250174338e-01 -1.228698754699065532e+00 6.880537014259160422e-01 -1.794348779563620933e-01 -4.577762140641957522e+00 -1.280684380844986592e+00 1.997007488491239879e+00 5.813824923088617425e-01 4.215008298211770921e+00
8.261355931444642753e-01 -9.471658476220432554e-01 2.932112637033303937e+00 -1.590640632324651360e-01 -1.583986107973698321e-01 1.410263658201971859e+00 -1.118800201781639636e+00 -1.591898509357680680e-01 1.243714262139514748e+00 7.128072149094204502e-01 -1.798081543564970519e-01 -4.243172264759437873e+00 -1.197377065062807278e+00 1.729394099809982155e+00 5.738981755947121233e-01 3.921662828436388804e+00
1.172889655876981241e+00 -8.922286480111656370e-01 2.805785248431133194e+00 -1.571567839919484066e-01 -1.571813002200254938e-01 1.204455657981938099e+00 -1.184214038121355284e+00 -1.565787569325436668e-01 -1.426724386742019401e+00 5.213338080857773393e-01 -1.781166969856259885e-01 -3.403245542125469036e+00 -1.064518726210243571e+00 -6.431258027985981007e-01 4.828355735129615800e-01 3.018382621539791977e+00
1.187556984500499180e+00 -7.203373432074162697e-01 2.903981300728230686e+00 -1.546661978874254439e-01 -1.541449062999029618e-01 1.461819048146477895e+00 -1.023965316689424254e+00 -1.537282914785877974e-01 1.319802146633297646e-01 5.924081368271825188e-01 -1.779413715219088088e-01 -3.982783577593494329e+00 -1.324710670529511747e+00 1.310530837398506954e+00 5.699013584881162942e-01 3.418902335007566240e+00
8.385266760196053992e-01 -6.819124661765023632e-01 2.480894284215124479e+00 -1.599598081949790696e-01 -1.606389782123023302e-01 1.562098102262605037e+00 -9.249253526699425798e-01 -1.603058560717049441e-01 6.431269397178938085e-01 5.706755151235579637e-01 -1.801009673266696087e-01 -4.562440987629581279e+00 -1.256763088193906475e+00 -2.200664635784360668e-01 4.729912413514257286e-01 4.199099370440873891e+00
1.108484205699544756e+00 -7.727972625774113258e-01 2.605402240284459658e+00 -1.655584288517558955e-01 -1.661832659278756064e-01 1.358554869124537268e+00 -1.152958165850894057e+00 -1.652604306745492080e-01 1.374547033927539186e+00 6.220893530144636641e-01 -1.770860800719214756e-01 -4.610818967094391319e+00 -1.099321177407181827e+00 1.168551028854489804e-01 6.663356024841916581e-01 3.534811322487541041e+00
9.442174853744378371e-01 -8.989997961335787213e-01 2.650413216926513549e+00 -1.624825770578778306e-01 -1.621696424436939732e-01 1.153339618003510481e+00 -1.131207193796694765e+00 -1.618969122859572896e-01 1.402944971589052070e+00 5.441318661081535613e-01 -1.787559328317658847e-01 -3.239412137008782722e+00 -1.007841027763531461e+00 1.755347225050092774e+00 5.175225515610486493e-01 3.466315259881843414e+00
1.186308616287293782e+00 -7.061204507618172865e-01 2.969724201006891384e+00 -1.536219391138298751e-01 -1.529235331528849828e-01 1.307957124966561802e+00 -1.211816448752343511e+00 -1.537912756191553154e-01 -5.012606842393048101e-01 5.378354393720619075e-01 -1.736041711507571861e-01 -4.178560769880072634e+00 -1.342272880702591653e+00 1.007841839434699960e+00 6.648244878665069413e-01 3.801451364698672286e+00
1.117165692914308339e+00 -6.779382469681658474e-01 2.528241042447419318e+00 -1.603259292111516299e-01 -1.595776918726378724e-01 1.378860408094374046e+00 -1.305763945356484657e+00 -1.594372476118952053e-01 -1.857955353279567845e-01 4.887303539938367414e-01 -1.773266125353994971e-01 -4.258374635005313102e+00 -1.117208852585549250e+00 2.335039312168264214e+00 5.445415188380223759e-01 4.147060948768231725e+00
8.280751397150784010e-01 -6.958166091065340897e-01 2.383152627868562412e+00 -1.610674507982702564e-01 -1.618058343484196082e-01 1.634026405048832009e+00 -1.112248311341363038e+00 -1.615218303423070489e-01 1.353029027743565038e+00 5.388693674410366397e-01 -1.789418025516631705e-01 -3.568100820739827039e+00 -9.877374853472253857e-01 3.610404191794275297e-01 5.335782764212491092e-01 4.420460277494914436e+00
1.127044585497156470e+00 -6.707981247483710829e-01 2.540123182657116896e+00 -1.582744516286732905e-01 -1.587704304917443299e-01 1.287577155797628992e+00 -9.371371800323088364e-01 -1.590695785706754128e-01 -1.057815979379197691e+00 5.148560618717894499e-01 -1.747618238951409997e-01 -4.098536217522422476e+00 -1.321569635587261260e+00 1.262624180791692474e+00 4.875225542435395742e-01 4.057418393933605927e+00
1.021966582960604164e+00 -7.873097583878009287e-01 2.622922659393354561e+00 -1.567964189041928524e-01 -1.573899576669688660e-01 1.478374604110300305e+00 -9.316225879963102585e-01 -1.575869509580614392e-01 4.666586375873045256e-01 7.032149589343017482e-01 -1.759131529678262806e-01 -4.403594021932558000e+00 -1.251791508229802563e+00 8.179413594273333699e-01 6.222664894305254268e-01 3.500877093984870569e+00
9.549940295926127032e-01 -9.614057720203926793e-01 2.861051032213612455e+00 -1.597754104435910594e-01 -1.595216977941152636e-01 1.371283849976420832e+00 -1.167512394876681014e+00 -1.603178344113951326e-01 4.044982022564429514e-01 6.013966549315887811e-01 -1.745706139259347867e-01 -3.811367418867388057e+00 -1.254974915905401112e+00 -1.296633596368113039e-03 5.265886798406848035e-01 3.980664950750144371e+00
9.261187958163064060e-01 -7.752276852518484862e-01 2.490830525058894906e+00 -1.612537889702766181e-01 -1.614186534941956241e-01 1.174765247598701379e+00 -9.534536265782924680e-01 -1.609476013473160882e-01 1.069049430378124388e+00 6.439443449605961600e-01 -1.784260027716248753e-01 -4.485803387148678212e+00 -1.179811714201625561e+00 1.452280989917933862e+00 5.885966089467692397e-01 3.787782856568441048e+00
1.202092975706138045e+00 -9.462029681071445486e-01 2.576407468857477845e+00 -1.567591878943588868e-01 -1.560057828817200398e-01 1.398190516568253994e+00 -1.120843234188836135e+00 -1.562578055097332552e-01 -7.208828325854691466e-01 6.065217952999168993e-01 -1.753589951274212855e-01 -4.669090745355418015e+00 -1.139006391540332341e+00 1.362958199318757391e+00 4.999047379238694133e-01 3.515363596952866043e+00
1.185311190350680555e+00 -8.500265862710387754e-01 3.021407833874434345e+00 -1.651514205254923373e-01 -1.654426933233057451e-01 1.472895948633664132e+00 -1.339866309068650230e+00 -1.652234592413053260e-01 3.007590214866597833e-01 6.833652405807904007e-01 -1.758406003866415657e-01 -3.142203502910864366e+00 -1.296581423529130195e+00 2.413464904718439774e-01 5.027946513490519909e-01 4.044662678845158510e+00
8.817602891946328958e-01 -8.362572363349396465e-01 2.408113995361925941e+00 -1.633145200023654320e-01 -1.637708575737275019e-01 1.632516329209805939e+00 -1.213360377686410141e+00 -1.643191348125462581e-01 -8.831357424889582086e-01 5.973802569377989480e-01 -1.814577942333512606e-01 -4.417493587737081562e+00 -1.200768148726445217e+00 1.798047159666649186e+00 6.213474470633363334e-01 3.295482191183104703e+00
1.201222265320292415e+00 -7.908403205854950269e-01 2.798468984164973250e+00 -1.568589223737613669e-01 -1.561301201752847423e-01 1.248255534749337814e+00 -1.034560399664632424e+00 -1.560650750245661245e-01 -5.991389026720548294e-01 5.546785155811273516e-01 -1.766487170210595536e-01 -3.372123924881118562e+00 -1.224600086006168542e+00 1.429701266902504653e+00 5.859954483100966449e-01 4.328539412516318130e+00
1.150401393147481688e+00 -6.974296832415274316e-01 2.413234297912605797e+00 -1.587236380668778091e-01 -1.579407291307801664e-01 1.146576364977823337e+00 -1.017418920122503900e+00 -1.578356717414263199e-01 6.921116123239730022e-01 5.711327610607697114e-01 -1.784335761344854054e-01 -4.164352981941688903e+00 -1.194910922392919517e+00 6.428231927342099583e-01 6.186135896132256562e-01 4.152365869672985710e+00
8.963789129485015827e-01 -7.957148638540052499e-01 2.971773818302548165e+00 -1.665441234756458999e-01 -1.665096977462380834e-01 1.339894508753902036e+00 -1.059095451335263283e+00 -1.671944578978736828e-01 9.347078000117705621e-01 6.744654719241235385e-01 -1.808262598787120368e-01 -3.555331505166669182e+00 -1.109912858340492692e+00 2.134346641996589522e+00 4.950557984212746732e-01 3.714924388135407263e+00
9.743544663097569725e-01 -9.385043879940634381e-01 2.921086840821489616e+00 -1.622499172402775414e-01 -1.626740627880342849e-01 1.601019891481008095e+00 -1.294455511647754742e+00 -1.622303414054022119e-01 4.704079145807984474e-01 7.023695368209130763e-01 -1.745104261416453861e-01 -4.122311747004243188e+00 -8.977694276132279771e-01 2.282740154412378430e+00 4.476146711751565199e-01 4.457974553199472112e+00
1.169750816618942979e+00 -7.533812120962534165e-01 2.858464053859945064e+00 -1.667177669318957722e-01 -1.659032709538482142e-01 1.444617676722211197e+00 -1.170295439018576689e+00 -1.667441543827496431e-01 -5.691813971143022677e-02 4.866404239794090425e-01 -1.765316893139334542e-01 -3.887382028397403655e+00 -1.189228076426227076e+00 1.408236852325553290e+00 4.468673123665765634e-01 3.486791450644452617e+00
1.015631172933444626e+00 -7.238604375279397152e-01 2.159209507039927534e+00 -1.637619516516257701e-01 -1.640457553699947446e-01 1.374756618208061720e+00 -1.315917235323265100e+00 -1.640960051028273747e-01 1.857009541747745018e-01 6.381133960983045306e-01 -1.788249257576714768e-01 -3.750492946451730703e+00 -9.103450927863609987e-01 -3.311373977563298876e-01 6.475333025110361351e-01 3.174519165303296919e+00
8.037190653023021936e-01 -6.615214713010747483e-01 2.557915862334046331e+00 -1.640857849908758936e-01 -1.643863689360626212e-01 1.429630989962265897e+00 -9.143072988423449621e-01 -1.639883648233151081e-01 -1.277985209527157551e+00 6.719402023505260946e-01 -1.761627982530476477e-01 -4.228992284201476437e+00 -1.133346284117053404e+00 9.642798172081544772e-01 5.626735579627430983e-01 4.169534399482005327e+00
1.072043386534579090e+00 -8.741957885093767366e-01 2.444183062772502524e+00 -1.648400320792235418e-01 -1.647952075573424491e-01 1.230067046919633755e+00 -1.292337940608715874e+00 -1.642455696670787890e-01 -8.036046362145309319e-01 5.963597894029630808e-01 -1.791270743760886297e-01 -3.966556333751901420e+00 -1.025847905481802602e+00 2.427686653703812869e+00 5.220328351812337786e-01 3.764891681157151559e+00
1.111605157588248405e+00 -8.919613155219030531e-01 2.737636301941101635e+00 -1.544429804539079465e-01 -1.551797761340272253e-01 1.557843295491648128e+00 -1.272019657929999159e+00 -1.545630766835052183e-01 1.166566765181218823e+00 7.201815228416634795e-01 -1.743218968944877101e-01 -3.201682297269018207e+00 -1.233440843558178956e+00 8.551373034189434508e-01 4.850218462328020896e-01 3.845470149131746673e+00
1.076770796609728631e+00 -7.789603668449138762e-01 2.460465797318129422e+00 -1.609568472577870835e-01 -1.602104701525086106e-01 1.128072089628617380e+00 -1.033828527352665505e+00 -1.600690732591541210e-01 1.421470410726107136e+00 5.193149817297060267e-01 -1.790138719674185808e-01 -3.337441254768114263e+00 -1.145371387564556809e+00 -7.023886305038781197e-01 6.017458101990641461e-01 4.390969672239314114e+00
1.068174697808345952e+00 -8.606289362179273539e-01 2.682869952263446489e+00 -1.631131437205385337e-01 -1.630345606637066402e-01 1.344436500546950297e+00 -1.302320126592812599e+00 -1.637595211446920551e-01 1.054208952134065846e-01 6.567093615969190612e-01 -1.742359424270704116e-01 -3.847449701024211244e+00 -1.018912532842047192e+00 1.152165588942026808e+00 5.988112055970326031e-01 4.139835826657391138e+00
9.988006039707009176e-01 -7.147663772201867660e-01 2.182185097091978943e+00 -1.525145854618072394e-01 -1.521177494283040832e-01 1.182812503137810722e+00 -1.362374565942259919e+00 -1.523986282066152054e-01 -1.075172001231146979e+00 5.123374572415758665e-01 -1.774305770984878072e-01 -4.405040446595249293e+00 -1.328652867726554554e+00 -4.377912816647296368e-01 5.831605915106314875e-01 4.271926528341203344e+00
9.198867032625893669e-01 -9.130261279600727642e-01 2.957544928055062083e+00 -1.591714774970565127e-01 -1.586491818143922483e-01 1.118728000928192579e+00 -9.714026653111051957e-01 -1.595505031489944103e-01 -1.046605730155594660e+00 7.066901710019873883e-01 -1.752435980683774985e-01 -3.597212611851355213e+00 -1.263830801086869959e+00 1.292952087591037635e+00 5.565246630579212539e-01 3.424130559709924970e+00
1.048685669611844062e+00 -8.301424785079968283e-01 2.705587818680427414e+00 -1.614660059183725127e-01 -1.620478768490969668e-01 1.481962393558224900e+00 -1.007793053713660569e+00 -1.620012664013730230e-01 9.600859389612557138e-01 5.219547738788895552e-01 -1.805202145076811593e-01 -4.450829346677625864e+00 -1.034422718089460291e+00 -7.951492527707153535e-01 5.544148845727095987e-01 4.301500358288013359e+00
9.775499232894366841e-01 -7.336526888437678862e-01 2.495612170153557852e+00 -1.615678043741800851e-01 -1.611641426460951321e-01 1.241126651853822649e+00 -1.097049790941722502e+00 -1.618001124193785001e-01 -1.515782743419062495e+00 5.407508551680121345e-01 -1.795543146451263061e-01 -3.562019639465088261e+00 -1.050099896427596935e+00 6.140094334750983984e-01 6.132191202490128168e-01 4.224539099838895417e+00
8.079681943303198555e-01 -8.174071845589563345e-01 2.249580944932527693e+00 -1.568649839508273192e-01 -1.574166342932122320e-01 1.254611611519223180e+00 -1.125164880953420710e+00 -1.577972655643770650e-01 -1.099848342924589994e+00 4.829496882349193498e-01 -1.762943428762308584e-01 -4.207582797011353293e+00 -1.151243001374704367e+00 9.818229219925206364e-01 5.926450280717427965e-01 3.849354692219508767e+00
1.119741346229270462e+00 -8.052416967570756867e-01 2.734907953360865562e+00 -1.531578932042882146e-01 -1.533123650822932338e-01 1.355966434769038109e+00 -1.054490032880557981e+00 -1.536975742439128656e-01 2.145367643976892058e-01 6.366677665910061013e-01 -1.741387509752050922e-01 -4.339733867141001511e+00 -1.314158566950221596e+00 2.242875499373158554e+00 6.449397409481085752e-01 3.063432648570417971e+00
1.179610295471196890e+00 -6.453431763625501194e-01 2.814760430362246879e+00 -1.623023453571238173e-01 -1.623452627721545527e-01 1.569402991973652517e+00 -9.281165959107493535e-01 -1.616855582923389101e-01 -1.220853579265265942e+00 5.154965460650693387e-01 -1.762272288651188235e-01 -4.344205536380855825e+00 -1.219617427704574819e+00 2.056378576205005526e+00 6.084582999131434855e-01 3.837998725389005994e+00
1.096273478620110264e+00 -8.149645357478757512e-01 2.501955812234278209e+00 -1.621774033021527173e-01 -1.615478213097729376e-01 1.659095852053390718e+00 -9.871296086990486440e-01 -1.613942087490750632e-01 -1.024341129909558834e+00 5.003014691115252877e-01 -1.821073288979015714e-01 -4.051694390658219902e+00 -1.094292475256767760e+00 1.828305320986115534e-01 4.655034762598107001e-01 4.269206764941838372e+00
9.918464263033069939e-01 -7.366101914040918963e-01 2.144017041509385546e+00 -1.569041560221512421e-01 -1.568753548913527085e-01 1.500740276541441265e+00 -1.014861167868700065e+00 -1.564517639859235587e-01 1.224213122131782683e+00 5.953405865701008048e-01 -1.773652244458295002e-01 -3.613420082926221966e+00 -1.107752754335713741e+00 1.592865543442075982e+00 4.777251315167915235e-01 3.972638437594474325e+00
1.140675283849533983e+00 -8.630579389529471346e-01 2.950086527381969859e+00 -1.534790282694302455e-01 -1.540005072976781131e-01 1.526887175103054162e+00 -1.299933694618954583e+00 -1.537863516668377672e-01 -1.562862599213267645e+00 6.462670063370515861e-01 -1.783580540552115179e-01 -4.080941474132441904e+00 -9.385800715116807691e-01 2.438503005392911316e+00 5.102778500928190075e-01 3.386970218796652610e+00
9.029425300185529579e-01 -7.999584882197671165e-01 2.719117426651462388e+00 -1.552298371203956195e-01 -1.545257657920657279e-01 1.456955420408509561e+00 -1.261454203826676945e+00 -1.542418125758656666e-01 7.711933622719615578e-01 6.268978120635966267e-01 -1.778826611689692250e-01 -4.635689240479150541e+00 -1.229291663468573326e+00 5.428257631338443412e-01 6.438375635998270230e-01 3.699955730619221228e+00
9.811989682794901579e-01 -7.930226957370900553e-01 2.170542303607539303e+00 -1.529578910260420976e-01 -1.522200795453367839e-01 1.124496156485848664e+00 -1.283529190780168916e+00 -1.530922221189082721e-01 1.517998708034034028e-01 6.921996284021901813e-01 -1.748557688216783035e-01 -4.091940394136887704e+00 -9.074679130727993925e-01 1.967171751414337866e+00 5.287971727098222940e-01 3.024798788150881546e+00
1.148966709216834303e+00 -8.028656216886695951e-01 2.441553086368577041e+00 -1.595532284568713655e-01 -1.596904409337731034e-01 1.504231015094572355e+00 -1.357008548798103842e+00 -1.599826974859107354e-01 -3.496290905867693866e-01 5.318259587715395975e-01 -1.769901427777238190e-01 -3.845459860078268122e+00 -1.000620431354271922e+00 -9.432847643873742971e-02 5.124216001891919170e-01 3.479317854526589038e+00
1.114582952908549363e+00 -8.850126713314510063e-01 2.789170752308162360e+00 -1.643210349069457454e-01 -1.649132173670502244e-01 1.321044516842438288e+00 -1.174118361589926662e+00 -1.644668403991478567e-01 1.511394681008460861e+00 6.808012371879010871e-01 -1.742630649098827200e-01 -4.149135264961397951e+00 -9.410708475212277158e-01 -3.625438492254048350e-01 6.467654435812260072e-01 4.511352848366568580e+00
1.093481394902516612e+00 -7.050782986846884093e-01 2.871500910872630374e+00 -1.623986299399295674e-01 -1.631684541277922118e-01 1.588658643910137336e+00 -9.429000813614090148e-01 -1.629989325595029015e-01 -9.463333945146187309e-01 6.425259352991419259e-01 -1.740414152669270409e-01 -3.317419805154429469e+00 -1.006598402474903065e+00 7.986777947671165334e-01 6.028785978196276041e-01 3.942301716900512787e+00
1.167818297015585927e+00 -7.596558824375694297e-01 2.225019230355436584e+00 -1.513308315995955389e-01 -1.519894885985968169e-01 1.491290595546296949e+00 -1.031515653283565204e+00 -1.516582901323607069e-01 -1.592341127289497393e+00 6.618743711631431825e-01 -1.749947569252302271e-01 -4.590247260070237978e+00 -1.191070184912798036e+00 1.771164884491895908e+00 4.590558554228679200e-01 3.652086594922807627e+00
8.350563361971553578e-01 -7.127285457256055112e-01 2.505235422276381740e+00 -1.666399893662171838e-01 -1.671164754392072405e-01 1.673363490664597331e+00 -1.140671488197481320e+00 -1.674187127323074065e-01 1.010018305396011673e+00 7.054625230312597806e-01 -1.795218163895175023e-01 -3.221865797951118715e+00 -9.947659361617359197e-01 1.510683979462948301e+00 5.492740806592664171e-01 4.158140330340727608e+00
1.154557599742500162e+00 -8.455177844880522597e-01 2.061287384812739543e+00 -1.613252481623130563e-01 -1.609593096779986243e-01 1.437754468661852192e+00 -1.315213224433772643e+00 -1.615182797911526857e-01 1.457287926046112236e+00 5.854301212366355145e-01 -1.795943186761554400e-01 -4.022456497671130116e+00 -1.077572286937517498e+00 2.364721068454036068e+00 6.590574524489836161e-01 4.279168172891708366e+00
9.667908904302768835e-01 -7.662138750091359585e-01 2.178109013026637619e+00 -1.632439326119017320e-01 -1.635931948587897866e-01 1.534950539826563709e+00 -1.353085156212195717e+00 -1.630553177801264686e-01 1.297197147527013872e+00 5.141435057419317944e-01 -1.772638020377259038e-01 -4.288625476974489814e+00 -1.036804497589526974e+00 2.540291749202893135e-01 4.692694722178856748e-01 3.128677026110113335e+00
1.128624759414563083e+00 -9.437734283806252789e-01 2.995124446090642323e+00 -1.564526279012039833e-01 -1.567095957948035356e-01 1.495876898967039681e+00 -1.114076119664485942e+00 -1.566046058746785041e-01 1.002576178985603583e+00 5.595683917218245984e-01 -1.775908970269736709e-01 -3.272274590094119695e+00 -1.165952581472754046e+00 8.811553356826341554e-01 4.897714127855364863e-01 3.433285202944468040e+00
8.598112834263901272e-01 -8.581968785682668743e-01 2.268076970029224260e+00 -1.561156486113336461e-01 -1.562767868286112916e-01 1.442225739163596643e+00 -1.348776855689347576e+00 -1.556915821150220147e-01 -1.348988489693176529e+00 5.237030097169588228e-01 -1.750752151871856899e-01 -3.759011760686773229e+00 -1.236590750456902255e+00 3.525245783824032531e-01 4.725137209640698499e-01 3.958686928895708501e+00
9.648315719174259675e-01 -9.120904274473213835e-01 2.377919673975782189e+00 -1.620984265071225006e-01 -1.622319374484476051e-01 1.260578992674568077e+00 -1.255798806159201142e+00 -1.629019305821816366e-01 -4.140823498470340702e-01 5.032188714872513069e-01 -1.753786735342236780e-01 -4.046352478328978819e+00 -1.066230536272400276e+00 2.166469957177173722e+00 5.674203475049279799e-01 3.376351939226044596e+00
1.167123362607094261e+00 -9.326684956862362208e-01 2.732165598895873515e+00 -1.610274121435584793e-01 -1.612575216844406301e-01 1.619430878777541549e+00 -1.079428761139276771e+00 -1.618423706097182335e-01 1.265510546488522792e+00 4.994631691155246855e-01 -1.786819330189237387e-01 -4.362389297653795239e+00 -1.318744937851340060e+00 1.862830727225114114e+00 6.231587723036445814e-01 3.442914211542587033e+00
1.003640805202379305e+00 -8.199522775593378610e-01 2.403782809941097387e+00 -1.537143075965425043e-01 -1.537428475914458526e-01 1.169623154898937756e+00 -1.081833846852575221e+00 -1.543387374307263471e-01 1.319737399645065867e+00 5.088822068832545842e-01 -1.735003235300604518e-01 -4.522304527770506510e+00 -1.099075917313342865e+00 2.377331511254149099e+00 6.363660671059404583e-01 4.040803304477011970e+00
1.084241801303735375e+00 -7.848975155460162778e-01 2.796381374282002064e+00 -1.622241773596008740e-01 -1.617766069930361705e-01 1.323234526984739201e+00 -1.138338148819524553e+00 -1.622184633981088309e-01 -5.322650750650950169e-01 6.939486285999898474e-01 -1.733537426902636014e-01 -4.432437159814095473e+00 -9.176200841512015538e-01 2.387003955463135263e+00 5.928208734342828024e-01 4.027193285028594083e+00
9.892972385422851289e-01 -9.027950030356229894e-01 2.089496808712952625e+00 -1.611403781976766814e-01 -1.615114625929842951e-01 1.289690290181964238e+00 -9.306932417455517914e-01 -1.614878643354378251e-01 -1.317901032709236198e+00 6.769266499972442785e-01 -1.784816130838192960e-01 -4.064681197651497158e+00 -1.143116169087464495e+00 -2.553788260224254536e-02 5.737027405480481512e-01 4.459595114521559545e+00
1.197426789957977356e+00 -7.675173002161712610e-01 2.690004751103991509e+00 -1.558115773904169554e-01 -1.555564164300275998e-01 1.594364087863551882e+00 -9.979915559806713521e-01 -1.563261025270737126e-01 5.013462980365486210e-01 6.632814220065453847e-01 -1.810796476314052716e-01 -4.386222123272871087e+00 -9.255146430532321666e-01 7.151292134982031312e-01 5.970962423847295808e-01 3.655875896981812812e+00
8.755714320887537649e-01 -7.557926657735029030e-01 2.821837148824227537e+00 -1.663170361614793036e-01 -1.656335777808212728e-01 1.166973930391276504e+00 -1.198566712245523691e+00 -1.658794939169941085e-01 -1.504337899328944461e+00 5.535584088199969610e-01 -1.813802988901689062e-01 -4.624998967151712215e+00 -1.180202492098476608e+00 -7.277488827242116765e-01 4.678329498513332796e-01 4.355768637792975184e+00
1.129610833481150545e+00 -8.151495842140886738e-01 2.868026920420938541e+00 -1.517570849548049439e-01 -1.518325319577447097e-01 1.164740410809269378e+00 -9.108026890362146410e-01 -1.513396225217811253e-01 7.974789601146734519e-01 5.655569595035162545e-01 -1.797898175950189137e-01 -4.603623448506999338e+00 -1.277612252116265834e+00 -5.226204597143476738e-01 5.373126623648054601e-01 3.506099759545149741e+00
1.086308707551473240e+00 -9.071998918830816994e-01 2.829201354169410543e+00 -1.665467627540500872e-01 -1.669352665410755165e-01 1.522207566346591934e+00 -9.664713621887690564e-01 -1.661457718476017364e-01 -7.130171645619798326e-02 6.237791009340628579e-01 -1.735778462704645198e-01 -4.003216019776022705e+00 -1.244226497251775587e+00 2.020993540287878254e+00 4.923433130542236857e-01 3.080757758068312313e+00
9.186377699832254384e-01 -6.581707422943192665e-01 3.015411343188789228e+00 -1.535704010227463001e-01 -1.539683471592852848e-01 1.647158310188028274e+00 -1.180437069855292620e+00 -1.534259103691792137e-01 3.287098045329368556e-01 5.094311671904089289e-01 -1.818500677547734978e-01 -3.410001032915474184e+00 -1.010718657603912440e+00 1.064549600586060851e+00 4.964854143964013700e-01 3.907015914342121921e+00
9.802545221552922960e-01 -6.795449030818541125e-01 2.106821425445911444e+00 -1.532555750671108219e-01 -1.534431277308454245e-01 1.393657633085239045e+00 -9.725167597757596871e-01 -1.528704157947562425e-01 -7.430971498617869875e-01 7.115042979849571791e-01 -1.803717882586099441e-01 -4.133602854027058626e+00 -9.527588213184496890e-01 5.278042168608702012e-01 5.982060340368213769e-01 4.444051852417518766e+00
1.053560260072233579e+00 -8.125135036437307612e-01 2.779716813822867394e+00 -1.652733708255821332e-01 -1.646395841497204360e-01 1.596966706074886666e+00 -1.150924156348754446e+00 -1.644792569280948691e-01 -1.148647334517833851e+00 6.658613354833877729e-01 -1.816336693313772566e-01 -3.436937231889079847e+00 -1.039454692016013038e+00 -3.090693323390563130e-01 5.159405651416327787e-01 4.128451800806002936e+00
1.023104230622075450e+00 -7.835292157540528768e-01 2.206171877029269091e+00 -1.560567146539690586e-01 -1.566655980253506830e-01 1.482980746631169300e+00 -1.073416546270251182e+00 -1.560191535715294842e-01 2.055054463142216292e-01 5.328718154450368116e-01 -1.776370483353481022e-01 -3.311414088202026207e+00 -1.241059790414686503e+00 2.154906928459031867e+00 4.524087357454272817e-01 3.747274576262948464e+00
8.513078119465804505e-01 -7.474287367116387859e-01 2.109620516839313620e+00 -1.587474018627597350e-01 -1.594068317928974965e-01 1.459299740276496671e+00 -1.051647926229281271e+00 -1.583242841426727721e-01 -4.627500469667742422e-01 5.484073554946491402e-01 -1.778458720110770996e-01 -4.682812168279838261e+00 -1.061353139095032150e+00 -7.368725581752204601e-01 6.385468140152884553e-01 4.378872325382218378e+00
1.064230651460257082e+00 -9.556506871846540685e-01 2.809665822199852947e+00 -1.645235977894474455e-01 -1.652174267205977209e-01 1.551186540726353646e+00 -1.138858263363510259e+00 -1.655098823965946153e-01 -9.191651549089083773e-01 6.859369010614814188e-01 -1.771970850677397347e-01 -3.459502756764040843e+00 -1.104684887155207740e+00 1.455496189849321276e+00 4.450930575779628584e-01 3.457932618662022950e+00
9.519699662382191674e-01 -6.942741726680923264e-01 2.069556067808065336e+00 -1.535539970868297355e-01 -1.532509543237251526e-01 1.446263205841567423e+00 -1.168701154758881700e+00 -1.532133760716277993e-01 -1.620981363201845049e+00 7.012093854978544982e-01 -1.810003719717844795e-01 -4.518772748864787303e+00 -1.014612456144464936e+00 1.698385755175838341e+00 4.742265053642406025e-01 3.643781795559333681e+00
1.136573441782543048e+00 -9.609746623577952729e-01 2.878875046009557348e+00 -1.585921404491958953e-01 -1.591179711883254355e-01 1.276490884498005407e+00 -9.917133448529313888e-01 -1.581927032460622717e-01 1.059194637313017662e+00 5.506601503386072682e-01 -1.797321889625325131e-01 -4.704165408842736262e+00 -1.033342380383036163e+00 1.989603587035305043e+00 5.857707598689599893e-01 3.119747939030129924e+00
1.013233126427327546e+00 -6.918125588260770620e-01 2.051892733684767212e+00 -1.655773839032811390e-01 -1.652063319085142479e-01 1.428550164266156219e+00 -1.046702060383867927e+00 -1.656241128380003536e-01 5.385359632206254688e-02 7.157516059107067452e-01 -1.771786305170144626e-01 -3.978738551577428062e+00 -1.291693293416436017e+00 4.343506950568566394e-01 5.018549455508998225e-01 3.115572191695830107e+00
9.535266332981902071e-01 -9.524434437075213200e-01 2.552712957413241668e+00 -1.578055788776021595e-01 -1.571000151664039834e-01 1.384069895548054818e+00 -1.077634381380690343e+00 -1.566671657621988012e-01 -8.407919160565648919e-01 5.114339720808561696e-01 -1.802736637285129173e-01 -3.664051891611377787e+00 -9.970964007837779253e-01 4.622053892080379978e-02 5.473492350375801507e-01 3.729962854993000398e+00
1.142158708929868816e+00 -6.524629458928965509e-01 2.292842143995080129e+00 -1.642571261746651745e-01 -1.645638551525789306e-01 1.345296927622502414e+00 -1.234660645818659086e+00 -1.649664339371516852e-01 -4.938461375423390809e-01 6.129638210207128957e-01 -1.820481386819933767e-01 -3.465369758813845458e+00 -9.267788877251632584e-01 1.616614384249806413e+00 6.435878292460146533e-01 3.545988147531418555e+00
1.046838397748555805e+00 -6.823406502537580076e-01 2.342094729975814804e+00 -1.628588925295166856e-01 -1.627635960208979604e-01 1.389199970577039478e+00 -1.063913941624961002e+00 -1.634027911621711848e-01 -1.370536105151095363e+00 5.921187749818024315e-01 -1.737246657788067139e-01 -3.327624693055213356e+00 -9.048629888830077572e-01 8.880186665341961438e-01 6.181210039725396621e-01 3.105466569909324015e+00
8.869532362269875181e-01 -6.655911431203729300e-01 2.769706419274398090e+00 -1.551805047223911993e-01 -1.549669896537992642e-01 1.404334962888832417e+00 -1.022452913925477658e+00 -1.554805235417117126e-01 3.703593190925129619e-01 6.174334027048383744e-01 -1.767160600775443680e-01 -4.010949310986152483e+00 -9.149355703715198462e-01 1.108132580271770973e+00 5.435058248547489645e-01 4.432790287735085322e+00
1.038251474282133380e+00 -8.328309181438517950e-01 2.360834893926378353e+00 -1.561209581919318357e-01 -1.563445603398913308e-01 1.582762873439433893e+00 -1.280834673369545484e+00 -1.563192944710536103e-01 1.539704700327648723e+00 5.910374896887581331e-01 -1.811990857259003773e-01 -4.454686105005018604e+00 -1.121589210046237683e+00 -5.449274435933937344e-01 4.566513025943688131e-01 3.242789250068535356e+00
1.110016762176839311e+00 -7.329648261824643907e-01 2.669886215054408041e+00 -1.649748360866673813e-01 -1.657037428481162589e-01 1.584783809771262764e+00 -1.144127601575912312e+00 -1.645403846718727636e-01 -5.276691515558959988e-01 5.779492146699319877e-01 -1.734801252420432871e-01 -3.835330765441552714e+00 -9.335907812457333588e-01 2.192680183759094792e+00 6.071491861626985287e-01 3.614590333542900602e+00
1.079004845525471268e+00 -7.580505172631193389e-01 2.271039324429340311e+00 -1.546514383538213078e-01 -1.544435035123452038e-01 1.654886703852401997e+00 -9.934079363702328358e-01 -1.544417483612300634e-01 -9.972335998275968505e-01 4.961105202248228818e-01 -1.750199219715003751e-01 -3.642608001118488925e+00 -1.021315469263711639e+00 1.377235758522732834e+00 5.767339881884379071e-01 4.060761976272704743e+00
8.768374270477647947e-01 -6.670251661981246860e-01 2.651559081012135000e+00 -1.546362716006242921e-01 -1.545846175231933572e-01 1.363217175500935685e+00 -1.218803667357052811e+00 -1.543952702898807317e-01 -9.710270558568721011e-01 6.414374095541275356e-01 -1.805990614241683168e-01 -4.072402626723242491e+00 -1.157537927852234638e+00 1.670572260245652974e+00 5.505405512692232994e-01 4.443020106448800632e+00
1.134621112572495871e+00 -6.539014290515898775e-01 2.306722885662338740e+00 -1.541188086739246343e-01 -1.536577099119160739e-01 1.367625548609798791e+00 -1.319078355823354753e+00 -1.542236132056833964e-01 -1.441266735993739223e+00 6.958343996937670362e-01 -1.781989587980609968e-01 -3.522770511261713811e+00 -9.591173637794719875e-01 -1.079297983737644850e-01 6.377715302843106615e-01 3.232461094644952571e+00
1.182191188276687344e+00 -8.324636713830053658e-01 2.364140826421305519e+00 -1.563326731671798586e-01 -1.567827730576525358e-01 1.574942578709085828e+00 -1.036383447753805864e+00 -1.559715799831619398e-01 9.021337402182063592e-01 6.371729129347390996e-01 -1.749418349149672314e-01 -3.247080327537124056e+00 -9.507350806276221311e-01 2.991681050866984437e-01 5.080596755223059091e-01 4.510753929702229215e+00
8.533495043086358756e-01 -6.736549457263845131e-01 2.919507705750346016e+00 -1.604425470816543686e-01 -1.608973069075165796e-01 1.326904876377141829e+00 -1.323552730927029186e+00 -1.610408994750275602e-01 4.503140763379422928e-01 5.338175145674423083e-01 -1.734095114877343691e-01 -4.544364157053919051e+00 -1.284079883010791567e+00 7.419299022329018944e-01 4.514371770637941594e-01 3.865193163250843167e+00
9.968641987144065686e-01 -8.279033223740207559e-01 2.954303501168515478e+00 -1.655415494981044289e-01 -1.650159037621044544e-01 1.191575650835887457e+00 -9.234365288866792643e-01 -1.649088002619317483e-01 -9.094165572050688651e-01 5.616736235159296431e-01 -1.746570658626676320e-01 -4.672809973978266029e+00 -1.331299260257821526e+00 1.656507078891406248e+00 4.904385954560625538e-01 3.271887325018328241e+00
9.004949615672173113e-01 -8.542068868270661364e-01 2.486160550937421831e+00 -1.619249484566470110e-01 -1.626539077103984210e-01 1.297089667654921064e+00 -1.309494030918337382e+00 -1.616994006594328348e-01 1.199588264459203746e+00 6.449578604109222901e-01 -1.755185541377161096e-01 -3.513777973672335797e+00 -1.148913312470928094e+00 -4.564762027913572551e-01 6.559743692182502528e-01 4.404191029026894633e+00
8.429193240190612224e-01 -6.479874002263759092e-01 2.612580813424169701e+00 -1.579309293819938231e-01 -1.582289102373419798e-01 1.352909299693613399e+00 -1.233348125714501808e+00 -1.579980455959322239e-01 -3.341507507395071741e-01 4.811832458357540587e-01 -1.759639382325219326e-01 -3.819075594830839471e+00 -1.068980832531098102e+00 -3.116916913340068707e-01 5.772981217265458209e-01 3.818131407191346582e+00
8.406366835231515733e-01 -8.022959798012196941e-01 2.367702239824827082e+00 -1.619516791021635149e-01 -1.619037583013390735e-01 1.497764224126894028e+00 -1.072409572964001745e+00 -1.614072136520976197e-01 5.258226137956212298e-01 4.859149381436584925e-01 -1.771378729238729244e-01 -3.941835424205753835e+00 -1.288965892044780848e+00 -6.014426374370547279e-01 5.944274693430865453e-01 3.395133565900880335e+00
8.621831515315184769e-01 -8.291017396770286041e-01 2.511205142260995782e+00 -1.573541186823600169e-01 -1.581353682896025625e-01 1.549265289081411812e+00 -1.225565734641453020e+00 -1.577661420168751105e-01 -1.183200560598479223e+00 5.364333661733732272e-01 -1.782139480875573057e-01 -3.723679068784917945e+00 -1.168290780194907175e+00 -6.628823708705929851e-01 4.796946528385153119e-01 3.277594033797541329e+00
8.837142537554603106e-01 -9.060986330208539163e-01 2.401176152556090848e+00 -1.601946799198972760e-01 -1.608028608218191047e-01 1.148193150350879765e+00 -1.247380250499588783e+00 -1.600304798276080964e-01 -1.401272561358965607e+00 5.494080015707777376e-01 -1.815008170518477293e-01 -3.330378943540113212e+00 -1.175399665328195731e+00 1.618391655098466053e+00 5.047649999690038136e-01 4.315201088142942787e+00
8.296820697942448586e-01 -7.780278667810175408e-01 2.644844032299303649e+00 -1.585678288783957390e-01 -1.584645698379640866e-01 1.142730371701739633e+00 -1.099359136446974583e+00 -1.581195973684767497e-01 1.390159243781334819e+00 6.598297476685672791e-01 -1.779396617356820975e-01 -3.263965247804141434e+00 -1.049738465794924913e+00 1.771106000784733459e-01 6.580825883712662083e-01 3.624613976058845388e+00
9.854769170556905156e-01 -6.689952138901197332e-01 2.451982658900476508e+00 -1.566209825410552481e-01 -1.561801867296577218e-01 1.222869280325514785e+00 -9.473894686750233829e-01 -1.556745388343023506e-01 -1.485164600245710398e+00 5.454484773882670723e-01 -1.739300019349516169e-01 -3.252505550523303146e+00 -1.335239287440372902e+00 -4.874965260567050152e-01 4.786954840314044390e-01 4.491240660111887273e+00
1.098816146547441308e+00 -9.434387799663330743e-01 2.566346837004919834e+00 -1.631881193510909545e-01 -1.634829755028693321e-01 1.555834799890172038e+00 -1.095190568507280027e+00 -1.626274255959479220e-01 2.170310765983840540e-02 7.140413778944157963e-01 -1.765704607686565675e-01 -4.464553693826261771e+00 -9.930365741703692795e-01 1.789112445251986649e+00 5.258544969153615689e-01 3.633570027786926282e+00
1.162646678177203352e+00 -8.973808733838544160e-01 2.626944354256171010e+00 -1.608219777144994922e-01 -1.604581012413206775e-01 1.507133029910862509e+00 -1.012274616204654087e+00 -1.598969293113237933e-01 -6.626755724155684035e-01 5.017437082129004855e-01 -1.765049771444039406e-01 -4.596028910749195617e+00 -1.204302061637359644e+00 2.113341421774167728e+00 6.271254166543250852e-01 3.582441766116732040e+00
1.002094286084062258e+00 -8.943526069808293011e-01 2.326954967244020178e+00 -1.643667303684279990e-01 -1.643079633088201374e-01 1.448792930182831507e+00 -1.220718792632591532e+00 -1.638273186816152915e-01 7.212781843205697818e-01 6.819406348055286893e-01 -1.753016881008073180e-01 -4.621823564173158871e+00 -9.667763582829709268e-01 1.955818223828798885e+00 5.558346509058634810e-01 3.603362313822337626e+00
9.112552252092709359e-01 -8.426529613007789354e-01 2.983639104345108262e+00 -1.662180412359873516e-01 -1.655796175395082004e-01 1.510554111698327429e+00 -1.236649283151128431e+00 -1.666551371901693890e-01 -6.549219760334221707e-01 6.903080069067693003e-01 -1.788620305046118020e-01 -4.503142201661115784e+00 -1.205270503321918207e+00 1.078576377715973589e+00 6.301661033482095498e-01 3.737219441801355568e+00
1.050377270090655735e+00 -9.493047336019839744e-01 2.312179307677041606e+00 -1.658078896682255998e-01 -1.660353724836229339e-01 1.515699861961253392e+00 -1.028743045480507545e+00 -1.650943375048506134e-01 1.235851388139073137e+00 5.185839228005382218e-01 -1.734106061596256410e-01 -3.773184769414795081e+00 -1.115899791576839606e+00 -7.533559915499713489e-01 5.500667710231433860e-01 3.858020456335450987e+00
8.241715467882828605e-01 -7.798966557967333957e-01 2.534080544687952852e+00 -1.645705423852581728e-01 -1.653431857296417673e-01 1.465717849858870769e+00 -1.253654393849292337e+00 -1.641434472388522969e-01 6.861608487195525186e-01 5.168190901947106175e-01 -1.820205604510060082e-01 -3.878909050357871813e+00 -1.110339011276196830e+00 2.416518040354440622e+00 6.406824227677241357e-01 4.123539406530533746e+00
1.104209485610027075e+00 -8.759736392790630211e-01 2.755433730699829109e+00 -1.583429990014279254e-01 -1.587146257266483784e-01 1.399628896284650148e+00 -1.343340390965449993e+00 -1.587720203498309834e-01 1.515220415853974600e+00 7.165388014486364643e-01 -1.760643172642564758e-01 -4.087300554582899537e+00 -9.487362665392500283e-01 5.034579796325339140e-01 5.276362804373941895e-01 3.964691337722086928e+00
9.603163846001262494e-01 -7.641002590461882793e-01 2.084130176366945086e+00 -1.510160133660340964e-01 -1.516106454106568580e-01 1.266401560567122830e+00 -1.306533454854015952e+00 -1.518157970711581095e-01 -1.114954900351714517e+00 5.239030789937897392e-01 -1.807116874486781599e-01 -4.513562754109400110e+00 -1.247497554941168874e+00 2.077034017959836998e+00 5.684065004125300469e-01 3.182539395440139085e+00
8.157573949944870728e-01 -7.230481535859868414e-01 2.072601809701604125e+00 -1.548723177397360318e-01 -1.542659407013896589e-01 1.150927693436608390e+00 -1.250294700244333423e+00 -1.541721166396867737e-01 3.186238534533214484e-02 6.157400116539240020e-01 -1.736781235915932087e-01 -3.475158304056254366e+00 -1.128351193131247987e+00 6.867200769149028883e-02 6.612580145230868567e-01 4.425406040785364148e+00
9.008367362444158477e-01 -7.034846059882275959e-01 2.355193365722568100e+00 -1.635245465309951851e-01 -1.638904693911638899e-01 1.507715095810481243e+00 -1.009736910421721312e+00 -1.641576205268567568e-01 1.115276975521380276e+00 5.739847173694215821e-01 -1.801907688189378354e-01 -4.491193390092128368e+00 -1.332485234993648904e+00 9.278747771078398321e-01 6.650756101524588626e-01 3.267589048771348370e+00
1.028388634741441043e+00 -7.459124053976172730e-01 2.935909474333172398e+00 -1.525707304668671993e-01 -1.523315770353239895e-01 1.463368856365167003e+00 -1.183435896642009322e+00 -1.524015488403973051e-01 1.284297880468123321e+00 5.720059550277032390e-01 -1.743990203066252687e-01 -3.871849166417463017e+00 -1.238359666364270639e+00 -8.053568090310316840e-01 5.661361129876676390e-01 3.949532574561926079e+00
9.702228227879562406e-01 -7.714746674214971733e-01 2.164160739616480367e+00 -1.616219422566619046e-01 -1.617019154708081441e-01 1.207937718832709173e+00 -1.277013336903437324e+00 -1.620320521886242371e-01 -1.141208508238076291e-01 5.582790729705565669e-01 -1.800348684603517158e-01 -4.534266619162762524e+00 -1.168641005822553813e+00 9.059054658445636621e-01 4.975481020420727818e-01 3.154010583704912829e+00
8.664296103648351233e-01 -9.181212595793206699e-01 3.041841943283250416e+00 -1.635826091171480312e-01 -1.631315667959415960e-01 1.436237500999721473e+00 -1.110997344739346637e+00 -1.626874008877682576e-01 7.596612256123740359e-01 6.302556973531117102e-01 -1.792200855402830695e-01 -3.719742793598643793e+00 -9.816349951090104220e-01 1.217641189182819161e+00 6.507554577499156112e-01 3.188865832433933623e+00
9.642985417213647548e-01 -9.357708488709219896e-01 2.194193685529969517e+00 -1.675343851892669711e-01 -1.670092808502008641e-01 1.173513429900965077e+00 -1.287410977507964738e+00 -1.677142487631969325e-01 1.446564361147780975e+00 7.043893745393496886e-01 -1.768720040696949436e-01 -4.171146976763591141e+00 -9.029953254407381280e-01 2.179869679083174194e+00 4.818963034932248202e-01 3.314289063674626945e+00
1.160353927492516757e+00 -8.783718402570497297e-01 2.115272340806154894e+00 -1.545081500372575134e-01 -1.546535064191128517e-01 1.304894768802425498e+00 -1.069497954151830132e+00 -1.542396389996136263e-01 6.352408406953999886e-01 4.846818023466672454e-01 -1.732403505182495973e-01 -3.160994125716475089e+00 -1.198060259226330082e+00 -7.797162232927423720e-01 5.419743967851402555e-01 3.215265023721914250e+00
1.118288019067722683e+00 -6.996199763138414296e-01 2.662608408879199473e+00 -1.550136261733955356e-01 -1.552804175198898018e-01 1.286075962640430781e+00 -1.193498517499491651e+00 -1.550857791265923269e-01 -2.974458234624099973e-02 6.890040715476981603e-01 -1.802074460695448632e-01 -3.216227437336097061e+00 -1.059505244172040950e+00 4.010555197381889814e-01 6.503932156569992573e-01 3.697876318328908951e+00
9.066985145232158150e-01 -6.495018528092112442e-01 2.220538583790616194e+00 -1.526946814953875353e-01 -1.526361545140575426e-01 1.218451638768071277e+00 -1.075305662017868036e+00 -1.533412102749479033e-01 -7.791193127711147914e-01 6.714188314302259597e-01 -1.805025137749109165e-01 -4.645350234524628696e+00 -1.029195674720345011e+00 5.482391219951754380e-02 6.547502033810586042e-01 3.592311722790387130e+00
8.380188440552345241e-01 -8.236423214547730076e-01 2.454917124766620162e+00 -1.583304703433020821e-01 -1.585440461635571618e-01 1.424325024440820986e+00 -9.611811668301208922e-01 -1.586385612375313947e-01 9.811511824092757905e-01 5.643504620833785790e-01 -1.789158564083226932e-01 -4.472121433316383232e+00 -1.246268721872286322e+00 1.184700690023170022e+00 6.152435804138036701e-01 3.352023844262923546e+00
8.693815663613952971e-01 -7.510272382728701013e-01 2.572856084379673725e+00 -1.643984124353392029e-01 -1.644174827531046379e-01 1.299992985231447129e+00 -1.106370285099915751e+00 -1.641452876520173298e-01 -7.987301061364034949e-01 5.267890032571906911e-01 -1.792854983861987550e-01 -3.415274974736727032e+00 -1.040855099462732136e+00 1.198610513894951879e+00 4.543508387649421443e-01 4.388285506136596403e+00
8.918505356238175530e-01 -6.836483984197929686e-01 2.125700077600481741e+00 -1.667054322303413716e-01 -1.671221902921301850e-01 1.332313616500560460e+00 -1.043831693275611094e+00 -1.673769587680847826e-01 -4.243466239611626278e-01 5.557399700648576468e-01 -1.799067215488869831e-01 -4.233327097137123296e+00 -1.268785770597769647e+00 -3.540896711546737130e-01 4.526244233001293638e-01 3.987842962486370268e+00
9.451910707104713705e-01 -9.086723566883738723e-01 2.128455769946482334e+00 -1.532257327782820255e-01 -1.524942931414728919e-01 1.408954227312394503e+00 -1.157102691462079669e+00 -1.526254137152467105e-01 1.100123439227407740e+00 5.824087272899577394e-01 -1.794927801321058447e-01 -4.034979615249994822e+00 -9.782062433422026304e-01 2.234436193721802244e+00 6.350258837435476256e-01 3.595427832599566997e+00
1.100082800642462999e+00 -8.387221179717639918e-01 2.592963757723387275e+00 -1.516748905822551396e-01 -1.514782225492737333e-01 1.543156030807022461e+00 -1.085455819705883229e+00 -1.516734051152783813e-01 -1.537387370128260322e-01 5.632498509115928531e-01 -1.741916210269218723e-01 -3.502074984652947531e+00 -9.626344826820811829e-01 1.860396689888049959e+00 5.315555013432339271e-01 3.224088285509527640e+00
8.213540574582753884e-01 -7.608305610879827485e-01 2.373057769246231796e+00 -1.650729072802590014e-01 -1.657732376403702745e-01 1.625521293096752196e+00 -1.351870580919514397e+00 -1.657795716709676570e-01 -5.924626594133546309e-01 5.884101171179867418e-01 -1.767992798542175059e-01 -3.652646430363268415e+00 -1.234487575546831639e+00 1.434818201131005111e-01 5.338166645793017695e-01 3.160100840578346393e+00
1.123751583173271840e+00 -8.185625094695583304e-01 3.008747392221059691e+00 -1.636096965392860314e-01 -1.634029644918685298e-01 1.272069808905052390e+00 -1.188709019663285460e+00 -1.632280721823475556e-01 -5.501489052106565136e-01 4.907114259998085481e-01 -1.782745520004260786e-01 -3.635951986893021459e+00 -1.157360688068509447e+00 7.656685784899669445e-01 5.894866941474331545e-01 4.245596974160731563e+00
8.492742741206913415e-01 -7.508140239817235884e-01 2.680052440541981440e+00 -1.559739417629382174e-01 -1.554823283519005672e-01 1.183461245772226222e+00 -1.159160386195208226e+00 -1.552027153513231561e-01 -6.742500632634302882e-01 5.456816717210856149e-01 -1.766917349045628860e-01 -4.312088022313106173e+00 -1.260604026027067892e+00 1.057376711688484239e+00 4.596891522424174648e-01 3.521701253132037301e+00
8.635120678788127391e-01 -7.257584297030736931e-01 2.714738790954117853e+00 -1.514869024650583595e-01 -1.522335176810869495e-01 1.579638133540889555e+00 -1.154356415974799877e+00 -1.523456167154519925e-01 1.025378866238672693e+00 6.786157130349916855e-01 -1.754495043808486088e-01 -3.796712913691100422e+00 -9.236820846535902518e-01 -5.794643477668756093e-01 5.413131187119226695e-01 4.290478875945767712e+00
1.030485365155298760e+00 -8.900510456820671656e-01 2.335872742736166074e+00 -1.645368942285128644e-01 -1.638330394223076747e-01 1.651665749388940174e+00 -1.259904012221832126e+00 -1.634425998142428893e-01 -1.359055189682065068e+00 6.736253429539439397e-01 -1.741048083253101675e-01 -3.498826568144343785e+00 -1.184558461515085037e+00 -1.586537733014601326e-01 5.060716385340711110e-01 4.177824772025697797e+00
1.012129040076010122e+00 -8.815465166844577150e-01 2.211695213603338317e+00 -1.615082059314956742e-01 -1.607113358133840375e-01 1.475874158964181060e+00 -9.341541844524872129e-01 -1.603232360142004265e-01 -4.046306888029427284e-03 6.147407837010132603e-01 -1.791404278356881485e-01 -4.421680588228479536e+00 -1.215245508435558008e+00 -3.890262994442189592e-01 4.502850970817798837e-01 4.191340429083633801e+00
1.061421157303737317e+00 -7.412065930415620008e-01 3.043533274266391864e+00 -1.589977995699453084e-01 -1.591633008928982074e-01 1.123523326437316561e+00 -1.146734489044255456e+00 -1.584081658403230231e-01 -3.795606073961830251e-01 6.398599935648063841e-01 -1.790656638060782180e-01 -4.272748684634882110e+00 -9.294756782867525935e-01 1.648500172950948528e+00 6.263007545719033731e-01 3.255870805309236893e+00
9.716600856612145343e-01 -8.255657319061133759e-01 2.516541120863595715e+00 -1.583472774347699785e-01 -1.578087518012035173e-01 1.220786401960618495e+00 -1.086738509340648973e+00 -1.586507271099615313e-01 3.993997787651912823e-01 5.944960412839925823e-01 -1.767602831495368731e-01 -3.206936709555336051e+00 -1.132499834681282458e+00 -4.732717977833730827e-01 6.287513463734832886e-01 4.237148204512425131e+00
8.100399994023348427e-01 -6.755653220037446394e-01 2.998762907700933233e+00 -1.565423254247629570e-01 -1.570710525106167321e-01 1.414351351452475480e+00 -1.336698291211104062e+00 -1.562539538704304232e-01 -1.270850937425187066e+00 5.475886397603180189e-01 -1.785616756477153844e-01 -3.926768074427475774e+00 -1.307364891515088390e+00 7.196657563443594752e-01 6.250892125035479863e-01 4.342891173088767154e+00
9.359826644765320003e-01 -6.437494964181900148e-01 2.340860560172024041e+00 -1.666190496643848717e-01 -1.659802244454955944e-01 1.422953102710133866e+00 -9.847283844314151935e-01 -1.660065070208906202e-01 -6.308931569960161134e-01 6.575150222647923037e-01 -1.818213859508175656e-01 -4.321731838516217117e+00 -9.538148303557636432e-01 6.742056854819288292e-01 4.846600978280446448e-01 3.792829962275752642e+00
1.121963232891221018e+00 -8.478620645062250327e-01 2.080525147806016495e+00 -1.653451857220779031e-01 -1.647292786187827263e-01 1.661945356927844397e+00 -1.092571116149529065e+00 -1.654593188464175690e-01 -1.479598216512146847e+00 6.990414113691372222e-01 -1.806595186595058578e-01 -3.914703721072202214e+00 -1.212593559340433558e+00 2.066734125753390217e+00 5.589507037226059127e-01 3.040204039388153756e+00
9.617472326204937749e-01 -7.016663221661683103e-01 2.544921447858846886e+00 -1.593750385307005357e-01 -1.597598388540716341e-01 1.247012858301692395e+00 -9.802553734051093759e-01 -1.597253139873886230e-01 -1.270460675383158211e-01 5.400649875833360980e-01 -1.787237791776647988e-01 -3.689878780548045967e+00 -9.169102692651214248e-01 1.499444576036149446e+00 6.534538583916937871e-01 3.324142992277348885e+00
1.193732544455541333e+00 -9.572756980732133325e-01 2.122493193031871339e+00 -1.629436775685454697e-01 -1.628204541593535337e-01 1.636978029959071268e+00 -9.451972864296256382e-01 -1.633081101601668028e-01 1.468046910269685146e+00 6.698317313183060895e-01 -1.764058667816263415e-01 -3.731354814094322236e+00 -1.183671365744609849e+00 1.736100828176317723e+00 5.749353887292761867e-01 4.084090451317957005e+00
1.052436963380002810e+00 -7.157867025054064358e-01 2.889407393200857044e+00 -1.577868683677103867e-01 -1.575064618571550279e-01 1.139133754313590652e+00 -1.333253966204062335e+00 -1.572482238975816959e-01 2.355112019437115567e-01 5.677068771617311826e-01 -1.792545047031723349e-01 -3.742696674604323093e+00 -1.310735906380901872e+00 2.103147259589933871e+00 6.637861970224159247e-01 3.167643723014083257e+00
9.063042641656264831e-01 -8.655603046957068836e-01 2.908934133464675664e+00 -1.670169373229481724e-01 -1.663833682952917392e-01 1.572506848112854572e+00 -1.273219967936551233e+00 -1.660878769715710412e-01 -1.449343558434719181e+00 6.042957546839293759e-01 -1.774845749873202039e-01 -3.173262164076494862e+00 -9.651296342677426754e-01 1.229227426206454421e+00 6.602891343800645352e-01 3.065277790446678363e+00
